600187
000536
000016
000880
600650
002251
002272
002094
002369
000759
600666
000158
002685
000981
600303
603958
603117
000679
000004
002031
002816
000859
600340
603268
603389
600843
002529
000627
002700
002667
600624
002403
601086
002175
601933
000882
600530
600881
002691
603825
002542
603887
002122
000678
603366
603106
600611
600778
000595
603716
000980
000056
603955
603188
002131
600579
603666
000520
002261
000564
002427
000953
600693
600421
600841
002570
603991
002730
603166
603900
600590
600839
603038
603626
002607
600622
600193
002076
002086
002629
000903
600653
603803
600686
600550
002501
002313
605179
603030
002269
002253
600619
603278
002178
002582
600355
600292
002596
600375
000702
000560
600203
002418
605398
003021
002829
600172
600171
002347
002265
001212
603196
002611
600126
603068
600543
002323
000573
001298
000566
600280
002165
600192
002547
001379
000712
000833
600797
603015
002868
002058
002520
002354
600410
002622
605488
603390
002549
600676
600807
001696
000820
603042
002134
000796
002123
603859
000670
000717
000716
600520
600322
600979
601162
002187
002553
002278
002564
603918
300561
002285
605069
002193
600198
603988
603667
002599
002593
605100
600545
002453
603079
000710
002095
002789
601727
002211
002628
605199
002227
601020
603777
002232
605178
002514
600610
002862
603421
600793
000785
002896
603598
002277
600345
603110
002146
002426
002137
600571
002364
002657
000620
002670
000958
000668
002741
000816