603978
002512
002513
003026
603739
000818
002103
002527
603893
003001
603110
002530
000995
603776
601020
605208
603086
600692
003005
603336
002995
600227
601929
002115
605218
002851
002036
600593
000555
600501
600539
002195
603928
000518
002765
002899
002181
000503
603843
601177
600714
600206
600601
603516
002681
603863
603956
600865
002952
600678
000626
000628
002779
002312
000892
600318
600743
603985
603458
003033
002633
002757
603002
600228
603171
601011
600981
000558
600712
000006
600506
002843
603016
600397
600239
002827
603429
600490
002196
603949
002888
000856
002184
002016
003015
600825
300892
002712
000066
002348
600336
600817
603256
002177
600644
000058
000421
002047
000692
301182
600654
002630
002055
000839
300061
603300
600800
603580
002164
002231
002410
001239
600719
002248
605033
002400
601777
600770
002213
002383
600936
001267
603677
002279
603990
002335
002291
002105
002423
001316
603536
603662
601789
002387
002526
000815
002820
002085
002689
000810
600101
600439
002915
000801
600629
000795
000695
000504
002806
600527
600105
000514
600182
600107
002881
600481
603214
603118
600120
000826
603773
003029
000677
600250
002766
600255
000010
002786
603789
600156
600326
600327
300085
603883
000681
002981
603063
002979
600337
000592
002767
603215
002247
002276
000605
600186
002298
002811
603189
002838
001319
603583
603004
002823
600178
000586
600869
603607
002869
000533
000008
600272
603657
601010
003042
605258
003030
603320
603315
603881
605336
002037
600386
603286
600403
603270
002163
002021
002912
603238
600463
600965
002905
600851
603679
002889
603232
002208
002878
002760
000619
001306
002361
603123
002374
002654
600620
002634
001209
603095
002397
600787
002631
002402
603090
600635
603721
600753
000965
002580
002575
002456
600665
603728
603039
600679
603011
600705
600602
600789
000665
001269
600844
002692
000639
002339
001236
002725
600824
002329
002719
600561
003010
002577
600992
600363
600588
002987
002127
002796
600370
600376
300152
600658
002130
002848
605228
600390
600076
603656
002093
600855
600721
600698
600724
600281
002469
600316
002467
601008
002535
002743
002769
002571
605086
002428
603767
600657
600609
603809
603778
600615
002207
002377
600130
605060
603682
600939
002219
002866
002865
002857
002366
300256
002694
002892
603838
605188
002173
002162
002929
600774
002927
002416
002917
002620
600868
603717
600828
600826
002759
002715
002900
603839
002708
603737
600246
000868
002045
300377
001330
300746
000510
001339
603360
603261
603269
000409
001380
000402
002006
300333
603306
603316
000572
300386
603511
000949
301036
603072
000813
603088
603099
000948
000957
603506
000753
000750
688693
000973
603496
603386
300622
000567
002065
601828
002846
300807
600185
600847
001287
601798
002321
605081
600838
603813
300493
605080
300489
002342
002819
601865
001258
300380
002802
002800
000601
001229
002793
002307
600503
002302
603335
603267
600892
002243
002923
002246
002919
300077
603700
605303
002910
600470
001314
300245
603636
603906
000532
601616
603823
002290
603819
600191
600860
000617
605066
600279
300822
603950
002638
002495
603001
002636
603655
002510
603085
000799
603009
603083
000803
301326
002600
600249
600661
002537
002581
603048
603032
002562
002552
603398
002482
002480
600732
600592
001217
002777
600556
603931
000676
300211
605018
002729
603155
002718
002068
600734
603127
600128
002686
600606
002449
603121
603119
600117
000761
002474
600895
000890
002982
600207
600208
300344
003041
603618
600221
603324
003003
002117
600405
600986
603660
603326
605376
002210
002194
603882
300071
002992
603305
600396
300287
002167
600383
600302
002945
603602
603688
605136
603696
600367
603585
603333
603353
603693
601519
000099
002009
002155
000020
002617
002989
600633
002775
002993
603178
600796
603613
002406
002735
002370
603006
001202
600157
002625
002398
000917
000042
300399
600576
300220
000096
300106
000638
603185
301066
605277
002044
002733
002931
600353
603103
002072
601138
600343
000737
603339
600119
601069
002459
002645
002639
600053
000952
603630
600984
000007
600983
002651
002153
000068
603122
600580
603617
600776
600775
002084
603719
002795
002067
603489
688656
605006
002682
600769
000701
002702
002077
003016
000721
002688
300917
600288
600212
000151
603219
002946
600081
002875
301001
600866
603221
605588
001318
301000
000530
600689
002574
603061
000550
002576
600858
002855
603595
603683
003040
603920
002903
000415
603586
600094
002933
001389
603690
002225
601099
002255
603709
600467
603686
300718
000509
603901
603236
601606
000886
002584
002853
002112
600371
600829
603527
300530
002824
603206
002188
600537
001255
603200
600540
000597
603375
002805
002356
301357
002524
002133
002797
002362
600830
601136
301396
000032
600835
605289
605378
603297
605266
603211
001282
002970
600626
603078
600628
600300
603109
002649
003037
002616
600643
603890
000829
000863
603070
600217
300551
000779
300968
300961
002605
000021
600333
300959
300868
300947
000553
002799
603356
000599
600536
002975
000025
300050
600518
002837
002963
002961
002556
600391
603212
603280
300068
002856
688165
600400
000545
002949
603222
603226
603228
300766
600478
002943
000516
002921
600446
002792
603880
300542
603138
002655
000757
002660
603116
002663
002664
603912
300927
002676
003004
603126
002695
002697
603350
603139
603917
603915
300469
002724
300120
603383
603790
000017
002755
000637
002761
688130
600552
002778
300840
300010
300310
002256
002481
601216
300339
000955
002466
688660
600738
301378
600802
002380
002471
600967
600969
300276
603669
603005
603615
002030
002161
301366
001368
002156
600727
600067
600722
300177
601881
002506
002148
600744
002283
002281
301082
603500
001366
002405
002244
603499
301129
601956
300251
002431
600882
605001
605118
605158
002218
001333
002212
601360
600794
688316
002201
300266
605388
603711
002189
002183
600745
002455
605337
601155
002040
002104
001309
002358
002355
001234
002042
002119
002114
605255
601002
600822
605300
603028
600857
600691
301208
002350
002315
300311
002346
002344
002326
605287
603528
600084
600697
600996
002301
002296
001222
301176
603712
600078
600990
600708
002046
600702
301297
300290
002522
002523
300169
600779
603399
000002
603663
601689
002908
300355
002902
603530
002836
002835
000505
300716
603822
300803
300240
002292
002849
600460
600202
300713
300810
603579
603535
301226
600877
603220
301536
301232
600480
001300
002883
001301
688502
000561
600491
300242
603223
601698
300511
603217
600859
001337
605088
002897
002886
002965
603266
003036
600310
300562
300607
688256
002125
300615
603629
002129
002918
000034
002049
003027
000045
601127
003020
300063
603895
603330
603332
002054
688435
300040
002075
300299
600238
300046
300030
002098
603908
600266
300563
601005
600231
002121
600301
300637
003008
300065
002209
001395
601515
600210
603275
600408
603273
600418
605138
600423
603697
605133
002245
601579
002920
001373
601456
002953
300656
603283
002990
605358
002983
600960
601218
301281
002976
002192
603296
600382
002968
002338
002962
002204
002205
000571
603759
000720
603082
000977
002709
603081
600636
603131
600135
300198
603069
300465
002436
300197
688023
300464
301101
002421
600641
603019
300448
000691
000997
600649
688115
600148
603160
000822
603718
002531
600785
601908
001206
000659
000926
000715
300462
002672
300184
600733
600736
300180
603729
002658
603101
600725
000936
603980
002460
002457
300134
688691
601995
603207
000935
300189
002678
300956
603093
603466
300925
600756
000967
600604
600759
301079
600760
600630
603169
601921
301156
600664
600814
000901
603193
600173
603758
002378
600570
301596
300846
002379
002541
605298
002773
001215
002365
601869
300153
603045
301021
001266
002343
300817
000590
002815
002565
603378
603029
301016
002809
301578
002568
600816
002771
002780
002536
301611
600569
000837
300972
300865
000850
002579
600560
603177
603933
002486
301157
000632
000633